0 0.10625 0.09375 0.19765625 0.18671875
0 0.27421875 0.09375 0.12109375 0.171875
0 0.37578125 0.053125 0.11953125 0.10625
0 0.38125 0.140625 0.15625 0.12265625
0 0.49453125 0.14296875 0.10078125 0.11484375
0 0.4796875 0.04921875 0.08984375 0.09453125
0 0.290625 0.59140625 0.2140625 0.3109375
0 0.3953125 0.478125 0.15234375 0.16015625
0 0.52734375 0.509375 0.1484375 0.16953125
0 0.48203125 0.64765625 0.2203125 0.23984375
0 0.75 0.60859375 0.190625 0.23984375
0 0.86953125 0.58359375 0.125 0.24375
0 0.8625 0.7328125 0.14375 0.1
0 0.92265625 0.5125 0.08203125 0.1453125
0 0.6328125 0.54375 0.14609375 0.27578125
0 0.6203125 0.32734375 0.1578125 0.17890625
0 0.52109375 0.403125 0.08671875 0.08515625
0 0.64453125 0.1703125 0.07421875 0.0828125