0 0.934375 0.93984375 0.10703125 0.1203125
0 0.6453125 0.65703125 0.14609375 0.18046875
0 0.728125 0.62890625 0.0625 0.109375
0 0.6328125 0.540625 0.07421875 0.1328125
0 0.3515625 0.54140625 0.140625 0.23359375
0 0.43828125 0.49296875 0.0875 0.13671875
0 0.3046875 0.73203125 0.17265625 0.18046875
0 0.425 0.66328125 0.09609375 0.1640625
0 0.52734375 0.73359375 0.20625 0.1734375
0 0.4203125 0.828125 0.125 0.1078125
0 0.509375 0.61484375 0.1359375 0.1546875
0 0.55546875 0.51953125 0.09765625 0.12734375