0 0.1828125 0.4171875 0.13828125 0.125
0 0.134375 0.8109375 0.134375 0.08984375
0 0.278125 0.76796875 0.09609375 0.1078125
0 0.5375 0.4484375 0.1859375 0.0875
0 0.90703125 0.61015625 0.0703125 0.07578125
0 0.8453125 0.715625 0.07890625 0.0375
0 0.73984375 0.584375 0.11796875 0.084375
0 0.71796875 0.64296875 0.12578125 0.0640625
0 0.2734375 0.425 0.06796875 0.08984375
0 0.08125 0.453125 0.09375 0.046875
0 0.73046875 0.74921875 0.0828125 0.03671875
0 0.73203125 0.70546875 0.10703125 0.08203125
0 0.50625 0.61953125 0.08984375 0.08515625
0 0.5765625 0.65625 0.0796875 0.08125
0 0.64765625 0.675 0.07890625 0.0859375
0 0.55234375 0.59375 0.0703125 0.08515625
0 0.43046875 0.72734375 0.09296875 0.10859375
0 0.3671875 0.78125 0.103125 0.078125
0 0.5375 0.74609375 0.10859375 0.11875
0 0.61796875 0.75234375 0.065625 0.06953125
0 0.66171875 0.71875 0.1359375 0.08203125