0 0.8421875 0.75 0.0546875 0.0796875
0 0.621875 0.721875 0.103125 0.125
0 0.3421875 0.16640625 0.075 0.05234375
0 0.559375 0.18515625 0.021875 0.0453125
0 0.08203125 0.57578125 0.034375 0.05
0 0.290625 0.346875 0.05625 0.0546875
0 0.1765625 0.34765625 0.059375 0.046875
0 0.41640625 0.18359375 0.059375 0.04375
0 0.82578125 0.46640625 0.078125 0.10078125
0 0.12890625 0.41640625 0.07109375 0.1078125
0 0.16015625 0.5671875 0.1125 0.10625
0 0.55 0.359375 0.065625 0.05703125
0 0.83984375 0.61015625 0.11328125 0.10390625
0 0.6171875 0.43671875 0.075 0.08359375
0 0.75390625 0.52578125 0.08515625 0.08203125
0 0.61953125 0.56640625 0.07421875 0.08125
0 0.67890625 0.5265625 0.07421875 0.0953125
0 0.440625 0.44765625 0.125 0.15078125
0 0.24921875 0.44921875 0.11796875 0.13203125
0 0.33359375 0.42734375 0.059375 0.10546875
0 0.39375 0.553125 0.065625 0.1125
0 0.29609375 0.590625 0.1265625 0.1703125
0 0.55078125 0.6109375 0.11953125 0.10234375