0 0.43125 0.69609375 0.115625 0.19609375
0 0.22421875 0.6703125 0.2875 0.2375
0 0.29140625 0.42734375 0.1859375 0.28203125
0 0.12890625 0.4671875 0.15859375 0.1640625
0 0.45625 0.27578125 0.084375 0.0859375
0 0.46171875 0.34765625 0.09296875 0.12265625
0 0.89765625 0.59609375 0.2046875 0.1484375
0 0.740625 0.41015625 0.159375 0.30625
0 0.896875 0.43359375 0.13828125 0.20078125
0 0.7296875 0.10546875 0.09296875 0.1421875
0 0.6 0.16015625 0.17265625 0.1546875
0 0.61015625 0.30546875 0.14375 0.159375
0 0.23984375 0.03671875 0.12578125 0.0734375
0 0.02890625 0.51875 0.05703125 0.19375
0 0.78515625 0.125 0.06015625 0.09765625
0 0.58359375 0.70078125 0.09140625 0.08671875
0 0.2953125 0.83203125 0.13828125 0.0890625
0 0.76875 0.6484375 0.16953125 0.075
0 0.878125 0.740625 0.075 0.0703125
0 0.0546875 0.05390625 0.109375 0.1078125
0 0.47734375 0.54921875 0.184375 0.10390625
0 0.73984375 0.76953125 0.10078125 0.0765625
0 0.6140625 0.05 0.14140625 0.1
0 0.14765625 0.3859375 0.1234375 0.1453125
0 0.03125 0.67265625 0.0625 0.1546875