0 0.77265625 0.38203125 0.0265625 0.0765625
0 0.75234375 0.4515625 0.02421875 0.0453125
0 0.73203125 0.53359375 0.0453125 0.08671875
0 0.71640625 0.6609375 0.02890625 0.1078125
0 0.63203125 0.81640625 0.0484375 0.12265625
0 0.7171875 0.9171875 0.03828125 0.06015625
0 0.271875 0.8453125 0.5046875 0.27890625
0 0.50859375 0.46640625 0.0359375 0.03828125
0 0.3078125 0.5140625 0.06953125 0.04296875
0 0.3953125 0.5265625 0.06953125 0.03828125
0 0.48828125 0.578125 0.053125 0.11796875
0 0.62890625 0.5046875 0.05546875 0.0984375