0 0.44140625 0.41328125 0.06953125 0.08203125
0 0.24296875 0.4171875 0.10546875 0.16796875
0 0.2203125 0.76328125 0.16328125 0.13671875
0 0.23046875 0.59765625 0.06484375 0.05078125
0 0.5296875 0.6265625 0.09140625 0.071875
0 0.709375 0.6453125 0.178125 0.084375
0 0.6453125 0.4359375 0.2984375 0.2859375
0 0.3265625 0.88359375 0.634375 0.23046875
0 0.38203125 0.521875 0.18046875 0.22109375
0 0.49609375 0.4 0.11796875 0.2359375
0 0.625 0.1671875 0.25703125 0.10546875
0 0.06015625 0.484375 0.1203125 0.12734375
0 0.93125 0.7140625 0.13203125 0.228125