0 0.1859375 0.4546875 0.125 0.084375
0 0.01796875 0.671875 0.0359375 0.1421875
0 0.10703125 0.71171875 0.0796875 0.19921875
0 0.2078125 0.58515625 0.05078125 0.06953125
0 0.2203125 0.67890625 0.10078125 0.084375
0 0.146875 0.92578125 0.2234375 0.1421875
0 0.20078125 0.82109375 0.09609375 0.09140625
0 0.31484375 0.5171875 0.12734375 0.11328125
0 0.38671875 0.42578125 0.0484375 0.0484375
0 0.52890625 0.6 0.125 0.30078125
0 0.83203125 0.58671875 0.334375 0.26953125
0 0.48203125 0.93125 0.10546875 0.09375
0 0.63125 0.91015625 0.10078125 0.1734375
0 0.7828125 0.91796875 0.07421875 0.11328125
0 0.9640625 0.8921875 0.0671875 0.21171875
0 0.6875 0.38125 0.1203125 0.115625
0 0.91484375 0.37265625 0.14921875 0.13203125