0 0.08515625 0.33203125 0.165625 0.13203125
0 0.428125 0.2390625 0.0890625 0.06953125
0 0.2171875 0.31953125 0.09140625 0.08203125
0 0.05859375 0.60234375 0.1171875 0.1140625
0 0.11328125 0.709375 0.09140625 0.05546875
0 0.38671875 0.578125 0.11796875 0.0796875
0 0.46015625 0.6390625 0.15390625 0.0671875
0 0.20546875 0.625 0.1515625 0.10078125
0 0.7671875 0.4421875 0.08203125 0.04296875
0 0.77890625 0.41015625 0.05546875 0.040625
0 0.87109375 0.5484375 0.0484375 0.05546875
0 0.9578125 0.5109375 0.08203125 0.06953125
0 0.53125 0.77734375 0.178125 0.11328125
0 0.41015625 0.8765625 0.06015625 0.06015625
0 0.73828125 0.65625 0.07421875 0.05078125