0 0.1 0.6234375 0.196875 0.13671875
0 0.2796875 0.69375 0.22109375 0.0671875
0 0.0359375 0.7453125 0.05546875 0.04296875
0 0.76796875 0.41796875 0.09140625 0.0359375
0 0.7140625 0.49296875 0.125 0.14921875
0 0.92578125 0.58984375 0.146875 0.09375
0 0.696875 0.72109375 0.11328125 0.0578125
0 0.75 0.6859375 0.06484375 0.040625
0 0.4546875 0.8421875 0.1078125 0.0671875
0 0.3546875 0.88671875 0.103125 0.053125
0 0.2875 0.92578125 0.09375 0.0671875
0 0.2046875 0.9640625 0.125 0.05078125
0 0.071875 0.18125 0.06953125 0.0359375
0 0.1828125 0.1921875 0.1078125 0.0671875
0 0.11796875 0.3296875 0.04296875 0.03359375
0 0.046875 0.12734375 0.040625 0.040625
0 0.84140625 0.4625 0.0578125 0.05546875