0 0.5890625 0.69609375 0.14921875 0.3296875
0 0.8015625 0.5265625 0.19453125 0.10546875
0 0.5265625 0.46171875 0.1078125 0.0984375
0 0.7125 0.25234375 0.20703125 0.125
0 0.83984375 0.45546875 0.11796875 0.28359375
0 0.39453125 0.28125 0.1828125 0.17578125
0 0.9734375 0.69453125 0.053125 0.15625
0 0.9125 0.9203125 0.13671875 0.15859375
0 0.31640625 0.71484375 0.365625 0.19453125
0 0.146875 0.2859375 0.134375 0.12734375
0 0.07578125 0.709375 0.1203125 0.1921875
0 0.3015625 0.8859375 0.2984375 0.11328125
0 0.87734375 0.10078125 0.21875 0.1734375
0 0.890625 0.66015625 0.12265625 0.12734375
0 0.8453125 0.78984375 0.0765625 0.0765625
0 0.6890625 0.72578125 0.07421875 0.11328125
0 0.4484375 0.5515625 0.1515625 0.12265625
0 0.41484375 0.4421875 0.11328125 0.08671875
0 0.6578125 0.06640625 0.25703125 0.125
0 0.18046875 0.18125 0.06015625 0.08203125
0 0.22578125 0.49296875 0.06015625 0.0984375
0 0.3453125 0.05546875 0.0765625 0.10078125
0 0.08984375 0.08671875 0.10546875 0.0984375