0 0.6734375 0.7046875 0.196875 0.16796875
0 0.50703125 0.384375 0.084375 0.103125
0 0.5515625 0.3453125 0.08203125 0.09375
0 0.74609375 0.40390625 0.04296875 0.18046875
0 0.75390625 0.6234375 0.04296875 0.146875
0 0.865625 0.37734375 0.04296875 0.13203125
0 0.34140625 0.40390625 0.05078125 0.09609375
0 0.1890625 0.43125 0.0453125 0.06953125
0 0.36875 0.509375 0.06015625 0.10078125
0 0.475 0.76171875 0.125 0.10546875
0 0.80078125 0.6734375 0.03828125 0.0484375
0 0.8421875 0.58515625 0.03359375 0.06484375