0 0.39453125 0.85546875 0.16796875 0.22109375
0 0.46171875 0.65390625 0.0796875 0.08671875
0 0.80546875 0.61640625 0.07421875 0.0671875
0 0.61640625 0.98046875 0.01953125 0.0171875
0 0.40625 0.72734375 0.0625 0.03125
0 0.77265625 0.39296875 0.01953125 0.02421875
0 0.71015625 0.3578125 0.0453125 0.03828125
0 0.61640625 0.31015625 0.01171875 0.01171875
0 0.65 0.32578125 0.01171875 0.01171875
0 0.83515625 0.43125 0.021875 0.03828125
0 0.48671875 0.5 0.19453125 0.10546875
0 0.71171875 0.49140625 0.25 0.11328125
0 0.6453125 0.56015625 0.02890625 0.0265625
0 0.5921875 0.57109375 0.06953125 0.04296875
0 0.5828125 0.61640625 0.053125 0.03828125
0 0.4015625 0.39921875 0.05546875 0.1203125
0 0.36171875 0.40390625 0.0359375 0.125
0 0.32421875 0.44375 0.0453125 0.08671875
0 0.41484375 0.36328125 0.021875 0.0625
0 0.4890625 0.34765625 0.15859375 0.271875
0 0.63203125 0.8109375 0.05546875 0.03828125