0 0.0640625 0.43984375 0.0578125 0.0265625
0 0.05625 0.50703125 0.1125 0.0265625
0 0.03984375 0.6859375 0.0796875 0.13671875
0 0.2359375 0.5890625 0.08203125 0.084375
0 0.3484375 0.7546875 0.0484375 0.03125
0 0.49140625 0.7296875 0.05546875 0.0625
0 0.3703125 0.5046875 0.40390625 0.09375
0 0.3640625 0.43984375 0.28828125 0.0265625
0 0.328125 0.58515625 0.0890625 0.0484375
0 0.50859375 0.59140625 0.209375 0.0578125
0 0.6859375 0.65390625 0.14921875 0.0796875
0 0.6875 0.52265625 0.21640625 0.0984375
0 0.92421875 0.59609375 0.14453125 0.1203125