0 0.865625 0.86796875 0.16328125 0.1703125
0 0.2796875 0.7875 0.134375 0.08203125
0 0.49765625 0.80078125 0.0625 0.03359375
0 0.8640625 0.7671875 0.103125 0.02421875
0 0.93046875 0.7359375 0.0671875 0.03359375
0 0.50234375 0.61640625 0.70703125 0.240625
0 0.6859375 0.36875 0.20703125 0.2328125
0 0.25625 0.30078125 0.03828125 0.01953125
0 0.34140625 0.30390625 0.01953125 0.01953125
0 0.52265625 0.3015625 0.02890625 0.0171875
0 0.053125 0.5640625 0.021875 0.0171875
0 0.08984375 0.6296875 0.03359375 0.021875
0 0.28125 0.9328125 0.03125 0.021875
0 0.021875 0.9828125 0.0359375 0.03125
0 0.109375 0.25703125 0.0265625 0.01953125