0 0.178125 0.65859375 0.33203125 0.125
0 0.19375 0.76171875 0.196875 0.0765625
0 0.40234375 0.88125 0.06015625 0.11796875
0 0.2078125 0.81953125 0.05546875 0.0359375
0 0.39453125 0.6078125 0.103125 0.0984375
0 0.56953125 0.54296875 0.3609375 0.05546875
0 0.5828125 0.603125 0.24765625 0.07421875
0 0.73203125 0.703125 0.03125 0.02421875
0 0.521875 0.68984375 0.05546875 0.05078125
0 0.84609375 0.6578125 0.1421875 0.103125
0 0.775 0.5921875 0.0625 0.03359375
0 0.928125 0.52265625 0.0890625 0.06015625
0 0.52421875 0.44140625 0.10546875 0.10078125
0 0.6546875 0.47109375 0.146875 0.0796875
0 0.4546875 0.49765625 0.02890625 0.03828125
0 0.7859375 0.50625 0.11328125 0.0671875
0 0.1921875 0.57421875 0.12734375 0.04296875