0 0.0203125 0.4171875 0.040625 0.06953125
0 0.08984375 0.5984375 0.09140625 0.396875
0 0.02265625 0.62890625 0.0453125 0.3484375
0 0.21171875 0.68515625 0.1390625 0.2984375
0 0.2453125 0.4640625 0.12265625 0.165625
0 0.2765625 0.36328125 0.08671875 0.0359375
0 0.3546875 0.64921875 0.09140625 0.3296875
0 0.4046875 0.446875 0.103125 0.0671875
0 0.4640625 0.65390625 0.1078125 0.3296875
0 0.61171875 0.61328125 0.178125 0.384375
0 0.89921875 0.55546875 0.19921875 0.3578125
0 0.828125 0.74765625 0.06015625 0.12734375
0 0.65859375 0.4015625 0.134375 0.04296875