0 0.76328125 0.29921875 0.2640625 0.125
0 0.8015625 0.1859375 0.1921875 0.084375
0 0.94453125 0.11328125 0.10546875 0.1515625
0 0.5921875 0.38828125 0.02421875 0.02890625
0 0.62109375 0.81640625 0.11328125 0.34375
0 0.63828125 0.61640625 0.134375 0.053125
0 0.65 0.5671875 0.04296875 0.02890625
0 0.60703125 0.49140625 0.0265625 0.0171875
0 0.43125 0.6109375 0.2546875 0.15625
0 0.3171875 0.96171875 0.1734375 0.06953125
0 0.4671875 0.853125 0.16328125 0.10078125
0 0.5109375 0.734375 0.10546875 0.0890625
0 0.28515625 0.803125 0.1703125 0.12734375
0 0.15 0.8546875 0.0765625 0.06953125
0 0.2140625 0.71484375 0.18515625 0.0890625
0 0.9484375 0.34140625 0.071875 0.05078125
0 0.75234375 0.4171875 0.23828125 0.09609375