0 0.36796875 0.39921875 0.31015625 0.0890625
0 0.6046875 0.625 0.615625 0.3390625
0 0.1546875 0.5671875 0.040625 0.05546875
0 0.24765625 0.63828125 0.09140625 0.06953125
0 0.75390625 0.23828125 0.21875 0.10546875
0 0.87890625 0.3796875 0.16328125 0.14921875
0 0.98671875 0.58671875 0.02421875 0.10078125
0 0.4859375 0.3375 0.06484375 0.05546875
0 0.26796875 0.5296875 0.05546875 0.0625
0 0.3796875 0.82109375 0.165625 0.0484375
0 0.5140625 0.92890625 0.10546875 0.06015625
0 0.1203125 0.48203125 0.08203125 0.03359375
0 0.01796875 0.52890625 0.03125 0.03125