0 0.52734375 0.48671875 0.65390625 0.35078125
0 0.2296875 0.79296875 0.16796875 0.21171875
0 0.11328125 0.7859375 0.0671875 0.05078125
0 0.52265625 0.759375 0.4109375 0.1875
0 0.7203125 0.9015625 0.27890625 0.09140625
0 0.53515625 0.96171875 0.09140625 0.06953125
0 0.92421875 0.9515625 0.12265625 0.09609375
0 0.928125 0.48203125 0.1390625 0.34140625
0 0.1296875 0.5 0.14453125 0.19453125
0 0.02265625 0.54296875 0.03359375 0.040625
0 0.46640625 0.2828125 0.34140625 0.05546875
0 0.32578125 0.88671875 0.01953125 0.03828125
0 0.0984375 0.853125 0.040625 0.053125
0 0.8765625 0.7125 0.06484375 0.05546875