0 0.5625 0.31875 0.10078125 0.18046875
0 0.0609375 0.74140625 0.084375 0.15859375
0 0.21171875 0.6984375 0.178125 0.10546875
0 0.196875 0.61328125 0.03828125 0.06015625
0 0.2484375 0.8015625 0.0984375 0.05546875
0 0.27734375 0.88359375 0.08203125 0.06015625
0 0.43125 0.9515625 0.06953125 0.0625
0 0.453125 0.81640625 0.1203125 0.1078125
0 0.5796875 0.6421875 0.12734375 0.19921875
0 0.5890625 0.50390625 0.06484375 0.0671875
0 0.7125 0.70703125 0.125 0.11328125
0 0.86875 0.2984375 0.08203125 0.0453125
0 0.69375 0.25390625 0.03828125 0.07421875
0 0.9421875 0.72109375 0.1109375 0.06015625
0 0.92578125 0.37265625 0.03828125 0.03828125
0 0.984375 0.4203125 0.0265625 0.0171875