0 0.34609375 0.43984375 0.2140625 0.03828125
0 0.05546875 0.3890625 0.0453125 0.0359375
0 0.13671875 0.39765625 0.01953125 0.01171875
0 0.17421875 0.3640625 0.02890625 0.053125
0 0.27421875 0.36640625 0.06484375 0.02421875
0 0.48828125 0.384375 0.15625 0.0453125
0 0.384375 0.396875 0.01953125 0.0359375
0 0.7359375 0.6890625 0.14921875 0.10078125
0 0.5953125 0.70078125 0.1203125 0.103125
0 0.47109375 0.671875 0.12265625 0.19921875
0 0.34375 0.70703125 0.11328125 0.13203125
0 0.65 0.4234375 0.021875 0.0140625
0 0.603125 0.34765625 0.03125 0.0171875