0 0.1046875 0.31484375 0.11328125 0.14453125
0 0.02734375 0.490625 0.0546875 0.178125
0 0.21171875 0.48671875 0.10546875 0.084375
0 0.32578125 0.5671875 0.15625 0.0796875
0 0.2640625 0.63359375 0.11796875 0.09140625
0 0.421875 0.7671875 0.08203125 0.08203125
0 0.078125 0.6203125 0.06484375 0.0265625
0 0.01796875 0.65234375 0.0359375 0.07421875
0 0.37265625 0.09609375 0.240625 0.1875
0 0.15859375 0.05625 0.04296875 0.103125
0 0.365625 0.225 0.06953125 0.0484375
0 0.553125 0.2328125 0.11328125 0.146875
0 0.66953125 0.36171875 0.10546875 0.134375
0 0.7984375 0.48046875 0.11328125 0.0671875
0 0.64453125 0.540625 0.071875 0.04296875
0 0.41484375 0.4390625 0.03359375 0.0359375
0 0.81015625 0.8015625 0.17578125 0.09140625
0 0.9015625 0.4015625 0.19453125 0.21875
0 0.9671875 0.584375 0.0625 0.1109375
0 0.72578125 0.09765625 0.22109375 0.18984375