0 0.203125 0.25234375 0.06015625 0.071875
0 0.28828125 0.40859375 0.23828125 0.06015625
0 0.021875 0.478125 0.04296875 0.0359375
0 0.12890625 0.540625 0.103125 0.0359375
0 0.04296875 0.68515625 0.08203125 0.040625
0 0.33515625 0.86328125 0.1703125 0.06953125
0 0.553125 0.740625 0.134375 0.03828125
0 0.80078125 0.70546875 0.1203125 0.4546875
0 0.9359375 0.86875 0.1203125 0.1109375
0 0.61171875 0.34765625 0.04296875 0.03125
0 0.70546875 0.43984375 0.0578125 0.02890625
0 0.603125 0.4859375 0.08203125 0.03125
0 0.4390625 0.515625 0.1109375 0.03828125
0 0.3265625 0.525 0.08203125 0.0359375
0 0.37109375 0.6390625 0.125 0.0359375
0 0.47734375 0.3015625 0.0484375 0.02421875
0 0.43515625 0.36640625 0.05078125 0.02890625
0 0.3703125 0.359375 0.08203125 0.02421875