0 0.0515625 0.11328125 0.10078125 0.22109375
0 0.8703125 0.96484375 0.2328125 0.0671875
0 0.24609375 0.66640625 0.4921875 0.6546875
0 0.68359375 0.81484375 0.1703125 0.115625
0 0.7671875 0.66796875 0.2453125 0.09609375
0 0.65234375 0.5171875 0.30546875 0.16796875
0 0.45703125 0.2828125 0.15390625 0.071875
0 0.63828125 0.2921875 0.1828125 0.06953125
0 0.25 0.2859375 0.2234375 0.11328125
0 0.875 0.3234375 0.10546875 0.040625
0 0.9171875 0.58203125 0.12265625 0.0453125
0 0.396875 0.1390625 0.2328125 0.20703125
0 0.5890625 0.10703125 0.11328125 0.05078125