0 0.5828125 0.3796875 0.3296875 0.196875
0 0.64453125 0.53359375 0.43515625 0.1390625
0 0.9015625 0.75703125 0.1921875 0.31953125
0 0.43515625 0.8765625 0.10546875 0.16328125
0 0.24296875 0.4640625 0.15625 0.0890625
0 0.3859375 0.46875 0.10078125 0.0671875
0 0.3125 0.69921875 0.1703125 0.1734375
0 0.81875 0.33671875 0.1203125 0.10546875
0 0.9421875 0.43515625 0.1109375 0.06015625
0 0.584375 0.23828125 0.13671875 0.0765625
0 0.69140625 0.1984375 0.07421875 0.084375
0 0.77421875 0.2046875 0.08203125 0.13203125
0 0.24375 0.196875 0.084375 0.04296875