0 0.1875 0.3640625 0.0484375 0.0453125
0 0.27734375 0.6 0.303125 0.10078125
0 0.428125 0.85234375 0.1515625 0.1109375
0 0.5328125 0.59609375 0.17578125 0.10546875
0 0.6984375 0.6453125 0.13671875 0.2046875
0 0.8125 0.58984375 0.071875 0.084375
0 0.83046875 0.78828125 0.10546875 0.0765625
0 0.63203125 0.3640625 0.04296875 0.05078125
0 0.39921875 0.46875 0.0890625 0.08203125
0 0.33046875 0.51953125 0.0578125 0.05078125
0 0.52421875 0.234375 0.1203125 0.09609375
0 0.37265625 0.146875 0.053125 0.04296875