0 0.16015625 0.34609375 0.04296875 0.05546875
0 0.2453125 0.37109375 0.04296875 0.0484375
0 0.3171875 0.46875 0.06484375 0.06953125
0 0.44921875 0.665625 0.06484375 0.06953125
0 0.546875 0.51796875 0.06484375 0.06953125
0 0.28828125 0.57578125 0.06484375 0.06953125
0 0.74296875 0.37734375 0.06484375 0.06953125
0 0.7296875 0.4828125 0.06484375 0.06953125
0 0.51953125 0.87734375 0.02890625 0.0796875
0 0.35 0.8578125 0.0359375 0.04296875
0 0.1703125 0.66953125 0.06484375 0.07421875
0 0.1578125 0.4109375 0.0265625 0.05546875