0 0.3109375 0.83984375 0.125 0.0765625
0 0.0765625 0.67578125 0.03125 0.0625
0 0.2078125 0.55625 0.03125 0.03828125
0 0.015625 0.69453125 0.01953125 0.0484375
0 0.2703125 0.5953125 0.01953125 0.04296875
0 0.1546875 0.6265625 0.08203125 0.02890625
0 0.27890625 0.67890625 0.021875 0.0359375
0 0.3234375 0.73828125 0.021875 0.0265625
0 0.3703125 0.73828125 0.040625 0.04296875
0 0.35078125 0.59375 0.04296875 0.053125
0 0.6625 0.63671875 0.18515625 0.1703125
0 0.44140625 0.85 0.0359375 0.04296875
0 0.6921875 0.43125 0.0359375 0.05546875
0 0.75234375 0.446875 0.0484375 0.05078125
0 0.6921875 0.52421875 0.12265625 0.05546875
0 0.8953125 0.94921875 0.06484375 0.06015625
0 0.49609375 0.47734375 0.07421875 0.06015625