0 0.3453125 0.5921875 0.2328125 0.0890625
0 0.33671875 0.67421875 0.0890625 0.0484375
0 0.14453125 0.7234375 0.0984375 0.06953125
0 0.525 0.49296875 0.125 0.0671875
0 0.28359375 0.50390625 0.10078125 0.04296875
0 0.375 0.4984375 0.0625 0.0453125
0 0.71015625 0.4171875 0.08203125 0.021875
0 0.53359375 0.5734375 0.06484375 0.06953125
0 0.71640625 0.5203125 0.0765625 0.05546875
0 0.31953125 0.45078125 0.06484375 0.03828125
0 0.52265625 0.4359375 0.06015625 0.02890625
0 0.44375 0.453125 0.040625 0.02890625
0 0.7125 0.6265625 0.053125 0.0453125
0 0.50390625 0.64453125 0.084375 0.03125