0 0.18359375 0.5328125 0.303125 0.12734375
0 0.10703125 0.72578125 0.14921875 0.1078125
0 0.4234375 0.58203125 0.09140625 0.196875
0 0.75234375 0.74765625 0.14453125 0.06484375
0 0.8640625 0.40390625 0.12265625 0.06484375
0 0.14921875 0.42578125 0.07421875 0.0453125
0 0.3421875 0.978125 0.0484375 0.0359375
0 0.1859375 0.8578125 0.115625 0.021875
0 0.58984375 0.8640625 0.053125 0.0578125
0 0.5484375 0.5140625 0.12734375 0.07421875
0 0.63359375 0.6390625 0.11796875 0.03828125
0 0.5453125 0.2859375 0.12265625 0.084375