0 0.27890625 0.2609375 0.12734375 0.08671875
0 0.2296875 0.775 0.21640625 0.13203125
0 0.4234375 0.57109375 0.1078125 0.08671875
0 0.4859375 0.77265625 0.103125 0.10546875
0 0.65625 0.81953125 0.19921875 0.11328125
0 0.5609375 0.9203125 0.06953125 0.06953125
0 0.509375 0.59375 0.0671875 0.053125
0 0.7171875 0.3578125 0.03828125 0.0453125
0 0.41328125 0.1703125 0.05078125 0.0453125
0 0.521875 0.1515625 0.0171875 0.0359375
0 0.92421875 0.5015625 0.0453125 0.0265625
0 0.759375 0.515625 0.0484375 0.03359375
0 0.79921875 0.77265625 0.0890625 0.0890625
0 0.59765625 0.62265625 0.0671875 0.040625
0 0.53828125 0.65859375 0.05078125 0.053125
0 0.9109375 0.3734375 0.03359375 0.03125
0 0.49375 0.015625 0.02890625 0.02890625
0 0.146875 0.0359375 0.0171875 0.01953125